not found
16
not found
16
16
not found
not found
not found
not found
16
16(1,)
16(1,)
16(1,26)
not found
16(1(,2),26)
not found
16(1(,2),26(,41))
16(1(,2),26(,41))
not found
not found
16(1(,2),26(,41))
16(2(1,10),26(,41))
16(2(1,10),32(26,41))
not found
16(2(1,10),32(26,))
found
16(2(1,10),32(26,36))
not found
16(2(1,10(8,)),32(26,36))
16(2(1,10(8,)),32(26,36))
16(2(1,10(8,)),32(26,36))
16(2(1,10(8,)),32(26,36))
not found
found
not found
16(2(1,10(8,)),32(26(22,),36))
16(2(1,10(8,)),32(26(22,),36))
16(2(1,10(8,)),32(26(22,),36))
found
not found
not found
16(2(1,10(8,)),32(22(18,26),36))
16(2(1,10(8,)),26(22(18,),32(28,36)))
16(2(1,10(8,)),26(22(18,),32(28,36(,45))))
not found
not found
16(2(1,10(8,)),26(22(18,),32(28(,30),36(,45))))
found
16(2(1,10(8,13)),26(22(18,),32(28(,30),36(,45))))
16(2(1,10(8,13)),26(22(18,),32(28(,30),36(,45))))
16(2(1,13(8,)),26(22(18,),32(28(,30),36(,45))))
16(2(1,13(8,)),26(20(18,22),32(28(,30),36(,45))))
found
16(2(1,13(8,)),26(20(18,22),32(28(,30),36(,45))))
16(2(1,13(8,)),26(20(18,22),32(28(,30),36(,45))))
16(2(1,13(8,)),26(20(18,22),32(28(,30),45(36,48))))
26(16(8(2,13),20(18,22)),32(28(,30),45(36,48)))
26(16(8(2,13),20(18,22)),32(28(,30),45(36,48)))
found
26(16(8(2,13),20(18,22)),32(28(,30),45(36,48)))
found
not found
26(16(8(2,13),20(18,22)),32(28(,30),45(36(,39),48)))
26(16(8(2,13),20(18,22)),32(28(,30),45(36(,39),48)))
26(16(8(2,13),20(18,22)),32(28(,30),45(39,48)))
26(16(8(2,13),20(18,22)),32(28(,30),48(39,)))
26(16(8(2,13),22(18,)),32(28(,30),48(39,)))
26(16(8(2,13),22(18,)),32(28(,30),48(39,)))
26(16(8(2,13(11,)),22(18,)),32(28(,30),48(39,)))
26(16(8(2,11(10,13)),22(18,)),32(28(,30),48(39,)))
26(16(8(2,11(10,13)),22(18,)),32(28(,30),39(35,48)))
26(16(8(2,11(10,13)),22(18,)),32(28(,30),39(35,48)))
26(16(8(2,11(10,13)),22(18,)),32(28(,30),39(35,48)))
26(16(8(2,11(10,13)),22(18,)),32(28(,30),39(35,48(40,))))
26(11(8(2,10),16(13,22)),32(28(,30),39(35,48(40,))))
26(11(8(2,10),16(13,22)),32(30(28,31),39(35,48(40,))))
26(11(8(2,10(9,)),16(13,22)),32(30(28,31),39(35,48(40,))))
26(11(8(2,10(9,)),16(13,22(20,))),32(30(28,31),39(35,48(40,))))
not found
found
26(11(8(2,10(9,)),16(13,22(20,))),32(30(28,31),39(35,48(40,))))
26(11(8(2,10(9,)),16(13,22(20,))),32(30(28,31),39(35,48(40,))))
found
found
26(11(8(2,10(9,)),16(13,22(20,))),32(30(28,31),39(35(,38),48(40,))))
not found
26(11(8(2,10(9,)),16(13,22(20,))),32(30(28,31),39(35(,38),48(40,))))
26(11(8(2(,4),10(9,)),16(13,22(20,))),32(30(28,31),39(35(,38),48(40,))))
26(11(8(2(,4),10(9,)),16(13,22(20,))),32(30(28,31),39(36(35,38),48(40,))))
found
found
26(11(9(2(,4),10),16(13,22(20,))),32(30(28,31),39(36(35,38),48(40,))))
not found
found
not found
26(11(9(2(,4),10),16(13,20(18,22))),32(30(28,31),39(36(35,38),48(40,))))
26(11(9(4(2,8),10),16(13,20(18,22))),32(30(28,31),39(36(35,38),48(40,))))
26(11(9(4(2,8),10),16(13,20(18,22))),32(30(28,31),39(36(35,38),41(40,48))))
26(11(9(4(,8),10),16(13,20(18,22))),32(30(28,31),39(36(35,38),41(40,48))))
not found
26(11(9(4(,8),10),16(13,20(18,22))),39(32(30(28,31),36(35,38)),41(40,48(42,))))
not found
not found
not found
26(11(9(4(,8),10),16(13,20(18,22))),39(32(30(28,31),36(35,38)),41(40,48(42,))))
not found
26(11(9(4(,8),10),16(13(,14),20(18,22))),39(32(30(28,31),36(35,38)),41(40,48(42,))))
not found
26(11(9(4(,8),10),16(13(,14),20(18,22))),39(32(30(28,31),36(35,)),41(40,48(42,))))
26(11(9(4(,8),10),16(13(,14),20(18,22))),39(32(30(28,31),36(35,)),41(40,48(42,))))
26(11(9(5(4,8),10),16(13(,14),20(18,22))),39(32(30(28,31),36(35,)),41(40,48(42,))))
26(11(9(5(4,8),10),16(13(,14),20(18,22))),39(32(30(28,31),36(35,)),41(40,48(42,))))
26(11(9(5(4,8),10),18(13(,14),20(,22))),39(32(30(28,31),36(35,)),41(40,48(42,))))
26(11(9(5(4,8),10),18(13(,14),20(,22))),39(32(30(28(27,),31),36(35,)),41(40,48(42,))))
26(11(9(5(4,8),10),18(13(,14),20(,22))),39(32(30(28(27,),31),36(35,)),41(40,48(42,))))
26(11(9(5(4,8),10),18(13(,14),20(,22))),39(32(30(28(27,),31),36(35,)),41(40,48(42,))))
26(11(9(5(4,8),10),18(13(,14),20(,22))),39(32(30(28(27,),31),36(35,)),41(40,45(42,48))))
26(11(9(5(4,8),10),18(13(12,14),20(,22))),39(32(30(28(27,),31),36(35,)),41(40,45(42,48))))
26(11(9(5(4,8),10),18(13(12,14),20(,22))),39(32(28(27,31),36(35,)),41(40,45(42,48))))
not found
not found
found
found
not found
26(11(9(5(4,8),10),18(13(12,14),20(,22))),39(32(28(27,31),36(35,)),41(40,45(42,48))))
26(11(9(8(4,),10),18(13(12,14),20(,22))),39(32(28(27,31),36(35,)),41(40,45(42,48))))
26(11(9(8(4,),10),18(13(12,14),20(,22))),39(32(28(27,31),36),41(40,45(42,48))))
not found
not found
26(11(9(8(4,),10),18(13(12,14),22(20,25))),39(32(28(27,31),36),41(40,45(42,48))))
found
26(11(9(8(4,),10),18(13(12,14),22(20,25(23,)))),39(32(28(27,31),36),41(40,45(42,48))))
not found
26(11(9(8(4,),10),18(13(12,14),22(20,25(23,)))),39(31(28(27,29),32(,36)),41(40,45(42,48))))
not found
26(11(9(8(4,),10),18(14(12,),22(20,25(23,)))),39(31(28(27,29),32(,36)),41(40,45(42,48))))
found
26(11(9(8(4,),10),18(14(12,),22(20,25(23,)))),39(31(28(27,29),32(,36)),41(40,48(42,))))
26(11(9(8(4,),10),18(14(12,),22(20,25(23,)))),39(31(28(27,29),32(,36)),41(40,48(42,))))
26(18(11(8(4,10),14(12,)),22(20,25(23,))),39(31(28(27,29),32(,36)),41(40,48(42,))))
26(18(11(8(4,10),14(12,)),22(20,25(23,))),39(31(28(27,29),32(,36)),41(40,48(42,))))
26(18(11(8(4,10),14(12,)),22(20,25(23,))),39(31(28(,29),32(,36)),41(40,48(42,))))
26(18(11(8(,10),14(12,)),22(20,25(23,))),39(31(28(,29),32(,36)),41(40,48(42,))))
26(18(11(8(0,10),14(12,)),22(20,25(23,))),39(31(28(,29),32(,36)),41(40,48(42,))))
found
not found
26(18(11(8(0,10),14(12,)),22(20,25(23,))),39(31(28,32(,36)),41(40,48(42,))))
not found
26(18(11(8(0,10),14(12,)),22(20,25(23,))),39(31(28,32(,36)),41(40,48(42,))))
26(18(11(8(0,10),14(12,)),22(20,25(23,))),39(31(28,32(,36)),41(40,43(42,48))))
not found
26(18(11(8(0(,2),10),14(12,)),22(20,25(23,))),39(31(28,32(,36)),41(40,43(42,48))))
26(18(11(8(1(0,2),10),14(12,)),22(20,25(23,))),39(31(28,32(,36)),41(40,43(42,48))))
not found
not found
26(18(11(8(1(0,2),10),14(12,)),22(20,25(23,))),39(31(28,32(,36)),41(40,43(42,48))))
26(18(11(8(1(0,2),10),14(12,)),22(20,25(23,))),39(31(28,32(,36)),41(40,43(42,48))))
26(18(11(8(1(0,2),10),14(12,)),22(20(19,),25(23,))),39(31(28,32(,36)),41(40,43(42,48))))
26(18(11(8(1(0,2),10),14(12,)),22(20(19,),25(23,))),39(31(28,32(,36)),41(40,43(42,48))))
26(18(11(8(1(0,2),10),14(12,)),22(20(19,),25(23,))),39(31(28,35(32,36)),41(40,43(42,48))))
found
26(18(11(8(1(0,2),10),14(12,)),22(20(19,),25(23,))),39(31(28,35(32,36)),41(40,43(42,48))))
26(18(11(8(1(0,2),10),14(12,)),22(20(19,),25(23,))),39(31(28(,30),35(32,36)),41(40,43(42,48))))
found
26(18(11(8(1(0,2),10),14(12,)),22(20(19,),25(23,))),39(31(28(,30),35(32,36)),41(40,43(42,48))))
26(18(11(8(1(0,2),10),14(12,)),22(20(19,),25(23,))),39(31(28(,30),35(32,36)),43(41(40,42),48(,49))))
found
found
26(18(11(8(1(0,2),10),14(12,)),22(20(19,),23)),39(31(28(,30),35(32,36)),43(41(40,42),48(,49))))
not found
not found
26(11(8(1(0,2),10),18(14(12,),20(19,23))),39(31(28(,30),35(32,36)),43(41(40,42),48(,49))))
not found
26(11(8(1(0,2),10),18(14(12,),20(19,23))),39(31(28(,30),35(32,36)),43(41(40,42),48(,49))))
26(11(8(1(0,2),10),18(14(12,),20(19,23))),39(31(28(,30),35(32,36)),43(42(40,),48(,49))))
found
26(11(8(1(0,2),10),18(14(12,),20(19,23))),39(31(28(,30),36(32,)),43(42(40,),48(,49))))
found
found
26(11(8(1(0,2),10),18(14(12,),20(19,23))),39(31(28(,30),36(32,)),43(42(40,),48(,49))))
not found
found
found
found
not found
26(11(8(1(0,2),10),18(14(12,),20(19,23))),39(31(28(,30),36(32,)),43(42(40,),48(,49))))
26(11(2(1(0,),8(4,10)),18(14(12,),20(19,23))),39(31(28(,30),36(32,)),43(42(40,),48(,49))))
26(11(2(1(0,),8(4,10)),18(14(12,),20(19,23))),39(31(28(,30),36(32,)),43(42(40,),48(,49))))
26(11(2(1(0,),8(4,10)),18(14(12,),20(19,23))),39(31(28(,30),36(32,)),43(42(40,),48(47,49))))
26(11(2(1(0,),8(4,10)),18(14(12,),20(19,23))),39(31(28(,30),36(32,)),43(42(40,),48(47,49))))
found
26(11(2(0,8(4,10)),18(14(12,),20(19,23))),39(31(28(,30),36(32,)),43(42(40,),48(47,49))))
26(11(2(0,8(4,10)),18(14(12,),20(19,23(,25)))),39(31(28(,30),36(32,)),43(42(40,),48(47,49))))
found
26(11(2(0,8(4,10)),18(14(12,),20(19,23(,25)))),39(31(28(,30),36(32,)),43(42(40,),48(47,49))))
26(11(2(0,8(4,10)),18(14(12,),20(19,23(,25)))),39(32(28(,30),36),43(42(40,),48(47,49))))
not found
26(11(2(0,8(4,10)),18(14(12,),20(19,23(,25)))),39(32(30,36),43(42(40,),48(47,49))))
26(11(2(0,8(4,10)),18(14(12,),20(19,23(,25)))),39(32(30,),43(42(40,),48(47,49))))
not found
26(11(2(0,8(4,10)),18(14(12,),20(19,23(,25)))),39(32(30,),43(42,48(47,49))))
26(11(2(0,8(4,)),18(14(12,),20(19,23(,25)))),39(32(30,),43(42,48(47,49))))
26(11(2(0,8(4,)),18(14(12,),20(19,23(,25)))),39(32(30,),43(42,48(47,49))))
26(11(2(0,8(4,)),18(14(12,),20(19,23(,25)))),39(32(30,),43(42,48(47,49))))
26(11(2(0,8(4,)),18(14(12,),20(19,25))),39(32(30,),43(42,48(47,49))))
found
26(11(2(0,8(4,)),18(14(12,),20(19,25))),39(30(28,32),43(42,48(47,49))))
26(11(2(0,8(4,)),18(14(12,),20(19,25))),39(30(28,32),43(42,48(47,49))))
26(11(2(0,8(4,)),18(14(12,),20(19,25))),39(30(28(27,),32),43(42,48(47,49))))
26(11(2(0,8(4,)),18(14(12,),20(19,25))),39(30(28(27,),32),43(42,48(47,49))))
found
26(11(2(0,8(4,)),18(14(12,),20(19,25))),39(28(27,30),43(42,48(47,49))))
not found
26(11(2(0,8(4,)),18(14(12,),20(19,25))),39(28(27,30(,35)),43(42,48(47,49))))
26(11(2(0,8(4,)),18(14(12,),20(19,25))),39(28(27,35(30,36)),43(42,48(47,49))))
found
26(11(2(0,8(4,)),18(14(12,),20(19,25))),39(28(27,35(30,36)),43(42,48(47,49))))
26(11(4(2,8),18(14(12,),20(19,25))),39(28(27,35(30,36)),43(42,48(47,49))))
not found
26(11(4(2,8),18(14(12,),20(19,25))),39(28(27,35(30,36)),43(42,48(47,49))))
not found
not found
26(11(4(2,8),18(14(12,),20(19,25))),39(28(27,35(30,)),43(42,48(47,49))))
26(11(4(2,8),18(14(12,),20(19,25))),39(28(27,32(30,35)),43(42,48(47,49))))
26(11(4(2,8),18(14(12,),20(19,25))),39(28(27,32(30,35)),43(42,48(47,49))))
26(11(4(2,8(6,)),18(14(12,),20(19,25))),39(28(27,32(30,35)),43(42,48(47,49))))
26(11(4(2,8(6,)),18(14(12,),20(19,25))),39(28(27,32(30,35)),43(42,48(47,49))))
not found
found
26(11(4(2,8(6,)),18(14(12,),20(19,25))),39(28(27,32(30,35)),43(42,48(47,49))))
26(11(4(2,8(6,10)),18(14(12,),20(19,25))),39(28(27,32(30,35)),43(42,48(47,49))))
not found
found
found
not found
not found
found
26(11(4(2,8(6,10)),18(14(12,),20(19,25))),39(28(27,32(30,35)),43(42(40,),48(47,49))))
not found
26(11(4(2,8(6,10)),18(14(12,),20(19,25))),39(28(27,32(30,35)),43(42(40,),48(47,49))))
found
26(11(4(2,8(6,10)),18(14(12,),20(19,25))),39(32(28(27,30),35(34,)),43(42(40,),48(47,49))))
not found
26(11(4(2,8(6,10)),18(14(12,),20(19,))),39(32(28(27,30),35(34,)),43(42(40,),48(47,49))))
not found
found
found
26(11(4(2,8(6,10)),18(14(12,),20(19,))),39(32(28(27,),35(34,)),43(42(40,),48(47,49))))
26(11(4(2,8(6,10)),18(14(12,),20(19,))),39(32(28(27,),35(34,)),43(42(40,),48(47,49))))
found
found
not found
found
26(11(6(2,8(,10)),18(14(12,),20(19,))),39(32(28(27,),35(34,)),43(42(40,),48(47,49))))
26(11(6(2,8(,10)),18(14(12,),20(19,))),39(32(28(27,),35(34,)),43(42(40,),48(47,49))))
26(11(6(2,8(,10)),18(14,20(19,))),39(32(28(27,),35(34,)),43(42(40,),48(47,49))))
not found
not found
not found
26(11(6(2,8(,10)),18(14,20(19,))),39(32(28,35(34,)),43(42(40,),48(47,49))))
not found
found
26(11(6(2,8(,10)),18(14(12,),20(19,))),39(32(28,35(34,)),43(42(40,),48(47,49))))
26(11(6(2,8(,10)),18(14(12,),20(19,))),39(32(28,35(34,)),43(42(40,),48(47,49))))
26(11(6(2,8(,10)),18(14(12,),20(19,))),39(32(28,35(34,)),43(42(40,),48(47,49))))
found
26(11(6(2,8(,10)),18(14(12,),20(19,))),39(34(28,35),43(42(40,),48(47,49))))
found
not found
26(11(6(2,8(,10)),18(14(12,),20(19,))),39(34(28,35),43(42(40,),48(47,49))))
26(11(6(2,8(,10)),18(14(12,),20(19,))),39(34(28,35),43(42(40,),48(47,49))))
26(11(6(2,8(,10)),18(14(12,),20(19,))),43(39(34(28,35),42(40,)),48(47(46,),49)))
found
26(11(6(2,8(,10)),18(14(12,),20)),43(39(34(28,35),42(40,)),48(47(46,),49)))
26(11(6(2,8(,10)),18(14(12,),20)),43(39(34(28,35),41(40,42)),48(47(46,),49)))
26(11(6(2,8(,10)),18(14(12,),20)),43(39(34(28,35),41(40,42)),48(47(46,),49)))
26(11(6(2,8(,10)),18(14(12,),20)),43(39(34(28,35),41(40,42)),48(47(46,),49)))
found
26(11(6(2,8(,10)),18(14(12,15),20)),43(39(34(28,35),41(40,42)),48(47(46,),49)))
26(12(6(2,8(,10)),18(14(,15),20)),43(39(34(28,35),41(40,42)),48(47(46,),49)))
found
found
found
26(12(6(2,8(,10)),18(14(,15),20)),43(39(34(28,35),41(40,42)),48(46(45,47),49)))
26(12(6(2,8(,10)),18(14(,15),20(19,))),43(39(34(28,35),41(40,42)),48(46(45,47),49)))
not found
found
26(12(6(2,8(,10)),18(14(,15),20(19,))),43(39(34(28,35),41(40,42)),48(46(45,47),49)))
not found
26(12(6(2,8(,10)),18(14(,15),20(19,))),43(39(34(28,35),41(40,42)),48(46(45,47),49)))
26(12(6(2,8(,10)),18(14(,15),20(19,))),43(39(34(28,35),41(40,42)),48(46(45,47),49)))
found
found
26(12(6(2,8(,10)),18(14(,15),20(19,))),43(39(34(28,35),41(40,42)),46(45,48(47,))))
26(12(6(2,8(,10)),18(14(,15),20(19,))),43(39(35(28,),41(40,42)),46(45,48(47,))))
26(12(6(2,9(8,10)),18(14(,15),20(19,))),43(39(35(28,),41(40,42)),46(45,48(47,))))
26(12(6(2,9(8,10)),18(14(,15),20(19,))),43(39(35(28,),41(40,42)),46(45,48(47,))))
not found
26(12(6(2,9(8,10)),18(14(,15),20(19,))),43(39(35(28,),41(40,42)),46(45,48(47,))))
not found
26(12(6(2,9(8,10)),18(14(,15),20(19,))),43(39(35(28,),41(40,42)),46(45,48(47,))))
26(12(6(2,9(8,10)),18(14(,15),19)),43(39(35(28,),41(40,42)),46(45,48(47,))))
not found
26(12(6(2,9(8,10)),18(14(,15),19)),43(39(33(28,35),41(40,42)),46(45,48(47,))))
26(12(6(2,9(8,10)),18(14(,15),19)),43(39(33(28,35),41(40,42)),46(45,48(47,))))
26(12(6(2,9(8,10)),18(14(,15),19)),43(39(33(28,35),41(40,42)),46(45,48(47,))))
26(12(6(2,9(,10)),18(14(,15),19)),43(39(33(28,35),41(40,42)),46(45,48(47,))))
26(12(6(2,9(,10)),18(14(,15),19)),43(39(33(28,35),41(40,42)),46(45,48(47,))))
26(12(6(2,9(,10)),18(14(,15),19)),43(39(33(28,35),41(40,42)),46(45,48(47,))))
26(12(6(2,9(,10)),18(14(,15),19)),43(40(33(28,35),41(,42)),46(45,48(47,))))
found
not found
26(12(6(2,9(,10)),18(14(,15),19)),43(40(33(28,35),41(,42)),46(45,48(47,))))
not found
26(12(6(2,9(,10)),18(14(,15),19)),43(40(33(28,35),41(,42)),46(45,48(47,))))
26(12(6(2,9(,10)),18(14(,15),19)),43(40(33(28,35),41(,42)),46(45,48(47,))))
not found
not found
26(12(6(2,9(,10)),18(14(,15),19(,22))),43(40(33(28,35),41(,42)),46(45,48(47,))))
26(12(6(2,9(,10)),18(14(,15),19)),43(40(33(28,35),41(,42)),46(45,48(47,))))
26(12(6(2,9(,10)),18(14(,15),19)),43(40(33(28,35),41(,42)),46(45,48(47,))))
not found
26(12(6(2,9(,10)),18(14(,15),19)),43(40(33(28,35),41(,42)),46(45,48(47,))))
26(12(6(2,9(8,10)),18(14(,15),19)),43(40(33(28,35),41(,42)),46(45,48(47,))))
26(12(6(2,9(8,10)),18(14(,15),19)),43(40(33(28,35),41(,42)),46(45,48(47,))))
26(12(6(2,9(8,10)),18(14(,15),19(,25))),43(40(33(28,35),41(,42)),46(45,48(47,))))
26(12(6(2,9(8,10)),18(14(,15),19(,25))),43(40(33(28,35),41(,42)),46(45,48(47,))))
26(12(9(6(2,8),10(,11)),18(14(,15),19(,25))),43(40(33(28,35),41(,42)),46(45,48(47,))))
26(12(10(6(2,8),11),18(14(,15),19(,25))),43(40(33(28,35),41(,42)),46(45,48(47,))))
26(12(10(8(2,),11),18(14(,15),19(,25))),43(40(33(28,35),41(,42)),46(45,48(47,))))
26(12(10(8(2,),11),18(14(,15),19(,25))),43(40(33(28,35),41(,42)),46(45,48)))
26(12(10(8(2,),11),18(14(,15),19(,25))),43(40(33(28,35),42),46(45,48)))
not found
not found
not found
not found
26(12(10(8(2,),11),18(14(,15),19(,25))),43(33(28(,29),40(35,42)),46(45,48)))
found
26(12(10(8(2,),11),18(14(,15),19(,25))),45(33(28(,29),40(35,42)),46(,48)))
26(12(10(4(2,8),11),18(14(,15),19(,25))),45(33(28(,29),40(35,42)),46(,48)))
26(12(10(4(2,8),11),18(14(,15),19(,25))),33(28(,29),45(40(35,42),46)))
26(12(10(4(2,8),11),18(14(,15),19(,25))),33(28(,29),40(35(34,),45(42,46))))
26(12(10(4(2,8),11),18(14(,15),22(19,25))),33(28(,29),40(35(34,),45(42,46))))
26(12(10(4(2,8),11),18(14(,15),22(19,25))),33(28(,29),40(34,45(42,46))))
26(12(10(4(2,8),11),18(14(,15),22(19,25))),33(28(,29),40(34,45(42,46))))
26(12(10(4(2,8),11),18(14(,15),22(19,25))),33(28(,29),40(34,45(42,46))))
not found
26(12(4(2(0,),10(8,11)),18(14(,15),22(19,25))),33(28(,29),40(34,45(42,46))))
found
found
26(12(4(2(0,),10(8,11)),18(14(,15),22(19,25))),33(28(,29),40(34,45(42,46))))
26(12(4(2(0,),10(8,11)),18(14(,15),22(19,25))),33(28(,29),45(40(,42),46)))
26(12(4(2(0,),10(8,11)),18(14(,15),22(19(,21),25))),33(28(,29),45(40(,42),46)))
26(12(4(2(0,),10(8,11)),18(14(,15),21(19,22))),33(28(,29),45(40(,42),46)))
not found
found
26(12(4(2(0,),10(8,11)),18(14(,15),21(19,22))),33(28(,29),45(40(,42),46)))
26(12(4(2(0,),10(8,11)),18(14(,15),21(19,22))),33(28(,29),45(40(,42),46)))
26(12(4(2(0,),10(8,11)),18(14(,15),21(19,22))),33(28(,29),45(40(,42),46)))
not found
26(12(4(2(0,),10(8,11)),18(14(,15),21(19,22))),33(28(,29),42(40,46)))
26(12(4(2(0,),10(8,11)),18(14(,15),21(,22))),33(28(,29),42(40,46)))
26(12(4(2(0,),10(8,11)),18(14(,15),21(19,22))),33(28(,29),42(40,46)))
26(12(4(2(0,),10(8,11)),18(14(,15),21(19,22))),33(28(,29),42(,46)))
28(12(4(2(0,),10(8,11)),18(14(,15),21(19,22))),33(29,42(,46)))
28(12(4(2(0,),10(8,)),18(14(,15),21(19,22))),33(29,42(,46)))
28(12(4(2(0,),10(8,)),18(14(,15),21(19,22))),33(29,43(42,46)))
not found
not found
found
found
28(12(4(2(0,),10(8,)),18(14(,15),21(19,22))),33(29,43(42,46)))
not found
not found
not found
28(12(4(2(0,),10(8,)),18(14(,15),21(19,22))),33(29,46(42,)))
18(12(4(2(0,),10(8,)),14(,15)),28(21(19,22(,24)),33(29,46(42,))))
18(12(4(2(0,),10(8,)),14(,15)),28(21(19,22(,24)),33(29,42(34,46))))
18(12(4(2,10(8,)),14(,15)),28(21(19,22(,24)),33(29,42(34,46))))
18(12(4(2,10(8,)),14(,15)),28(21(19,22(,24)),33(29,42(34,46))))
18(12(4(2,10(8,)),14(,15)),28(21(19,22(,24)),33(29,42(34,46))))
18(12(4(2,10(8,)),14(,15)),28(21(19,22(,24)),33(29,42(34,46))))
found
18(12(4(2,10(8,)),14(,15)),28(21(19,22(,24)),42(33(29,34),46(,49))))
18(12(4(2,10(8,)),14(,15)),28(21(19,22(,24)),42(34(29,),46(,49))))
not found
found
18(12(4(2,10(8,)),15(14,16)),28(21(19,22(,24)),42(34(29,),46(,49))))
18(12(4(2,10(8,)),15(14,16)),28(21(19,22(,24)),42(34(29,),46(,49))))
18(12(4(2,10(8,)),15(14,16)),28(21(19,22(,24)),42(34(29,),46(45,49))))
18(12(4(2,10(8,)),15(14,16)),28(21(19,22(,24)),42(34(29,),46(45,49(47,)))))
not found
18(12(4(2,10(8,)),15(14,16)),28(21(19,22(,24)),42(34(29,),47(45,49))))
18(12(4(2,10(8,)),15(14,16)),28(21(19,22(,24)),42(34(29,),47(45,49))))
found
not found
18(12(4(2,10(8,)),15(14,16)),28(21(19,22(,24)),42(34(29,),47(45,49))))
18(12(4(2,10(8,)),15(14,16)),28(21(19,22(,24)),42(30(29,34),47(45,49))))
18(12(4(2,10(8,)),16(14,)),28(21(19,22(,24)),42(30(29,34),47(45,49))))
not found
not found
found
18(12(4(2,10(8,)),16(14,)),28(21(19,22(,24)),42(30(29,34),47(45,49))))
found
found
not found
18(12(4(2,10(8,)),16(14,)),28(21(19,22(,24)),42(30(29,34),47(45,49))))
found
not found
18(12(4(2,10(8,)),16(14,)),28(21(19,22(,24)),42(30(29,34),47(45,49))))
18(12(4(2,10(8,)),16(14,)),28(21(19,22(,24)),42(30(29,34),47(45,49))))
18(12(4(2,10(8,)),16(14,)),28(21(19,22(,24)),42(30(29,34(32,)),47(45,49))))
18(12(4(2,10(8,)),16(14,)),29(21(19,22(,24)),42(32(30,34),47(45,49))))
18(12(4(2,10(8,)),16(14,)),29(21(19,22(,24)),42(32(30,34),47(45,49))))
18(12(4(2,10(8,)),16(14,)),29(21(19,22(,24)),42(32(30,34),47(45,49))))
found
not found
not found
18(12(4(2,10(8,)),16(14,)),29(21(19,22(,24)),42(32(30,34),47(45,49))))
found
not found
not found
18(12(4(2,10(8,)),16(14,)),30(21(19,22(,24)),42(32(,34),47(45,49))))
18(12(4(2,10(8,)),16(14,)),30(21(19,22(,24)),42(32(,34),47(45,49))))
18(12(4(2,10(8,)),16(14,)),30(21(19,22(,24)),42(33(32,34),47(45,49))))
not found
18(12(4(2,10(8,)),16(14,)),30(21(19,22(,24)),42(33(32,34),47(45,49))))
found
not found
not found
found
18(12(4(2,10(8,)),16(14,)),30(21(19,22(,24)),42(33(32,34(,41)),47(45,49))))
18(12(4(2,10(8,)),16(14,)),30(21(19,24(22,25)),42(33(32,34(,41)),47(45,49))))
found
not found
not found
18(12(4(2,10(8,)),16(14,)),30(21(19,25(22,)),42(33(32,34(,41)),47(45,49))))
18(12(4(2,10(8,)),16(14,)),30(21(19,25(22,)),42(33(32,34(,41)),47(45,49))))
18(12(4(2,8(6,10)),16(14,)),30(21(19,25(22,)),42(33(32,34(,41)),47(45,49))))
found
18(12(4(2,8(6,10)),16(14,)),33(30(21(19,22),32),42(34(,41),47(45,49))))
18(12(4(2(0,),8(6,10)),16(14,)),33(30(21(19,22),32),42(34(,41),47(45,49))))
not found
19(12(4(2(0,),8(6,10)),16(14,)),33(30(21(,22),32),42(34(,41),47(45,49))))
not found
19(12(4(2(0,),8(6,10)),16(14,)),33(30(21(,22),32),42(34(,41),47(45,49))))
19(12(4(2(0,),8(6,10)),16(14,)),33(30(21(,22),32),42(38(34,41),47(45,49))))
not found
19(12(4(2(0,),8(6,10)),16(14,)),33(30(21(,22),32),42(38(34,41),47(45,49))))
19(12(4(2(0,),8(6,10)),16(14,)),33(30(21(,22),32),42(38(34,41),47(45,49))))
19(12(4(2(0,),8(6,10)),16(14,)),33(30(21(,22),32),42(38(34,41),47(45,49))))
19(12(4(2(0,),8(,10)),16(14,)),33(30(21(,22),32),42(38(34,41),47(45,49))))
found
19(12(4(2(0,),8(,10)),16(14,)),33(30(21(,22),32),42(38(34,41),47(45,49))))
19(12(4(2(0,),8(,10)),16(14,)),33(30(21(,22),32),42(38(34,41),47(45,49))))
found
found
19(12(4(2(0,),8(,10)),16(14,)),33(30(21(,22),32),42(38(34,41),47(45,49))))
found
not found
19(12(4(2(0,),8(,10)),16(14,)),33(30(21(,22),32),42(38(34,41),47(45(43,),49))))
found
19(12(4(2(0,),8(,10)),16(14,)),33(30(21(,22),32),42(38(34,41),47(45(43,),49))))
not found
not found
19(12(4(2(0,),8(,10)),16(14,)),33(30(21(,22),32),42(38(34,41),47(45(43,),49))))
found
found
19(12(4(2(0,),8(,10)),16(14,)),33(30(21(,22),32),42(38(34,41),47(45(43,),49))))
not found
found
19(12(4(2(0,),8(,10)),16(14,)),33(30(21(,22),32),42(38(34,41),47(45(43,),49))))
found
19(12(8(2(0,),10),16(14,)),33(30(21(,22),32),42(38(34,41),47(45(43,),49))))
19(12(8(2(0,),10),16(14,)),33(30(21(,22),32),42(38(34,41),47(45(43,),49))))
19(12(8(2(0,),10),16(14,)),33(30(21(,22),32),42(38(34,41),47(45(43,),49))))
19(12(8(2(0,),10),16(14,)),33(30(21(,22),32),42(38(34,41),47(45(43,),49))))
19(12(8(2(0,),10),16(14,)),33(30(21(,22),32),42(38(34,41),47(45(43,),49))))
not found
found
19(12(8(2(0,),10),16(14,)),33(30(21(,22),32),42(38(34,41),47(45(43,),49))))
not found
found
33(19(8(2(0,),12(10,14)),30(21(,22),32)),42(38(34,41),47(45(43,),49)))
33(19(8(2(0,),12(10,14)),30(21(,22),32)),42(38(34,41),47(45(43,),49)))
33(19(8(2(0,),12(10,14)),30(21,32)),42(38(34,41),47(45(43,),49)))
not found
33(19(8(2(0,),12(10,14)),30(21,32)),42(38(34,41),47(45(43,),49)))
33(19(8(2(0,),12(10,14)),30(21,32)),42(38(34,),47(45(43,),49)))
33(19(8(2(0,6),12(10,14)),30(21,32)),42(38(34,),47(45(43,),49)))
33(12(8(2(0,6),10),19(14(,18),30(21,32))),42(38(34,),47(45(43,),49)))
not found
33(12(8(2(0,6),10),19(14(,18),30(21(20,),32))),42(38(34,),47(45(43,),49)))
found
33(12(8(2(0,6),10(9,)),19(14(,18),30(21(20,),32))),42(38(34,),47(45(43,),49)))
33(12(8(2(0,6),10(9,)),19(14(,18),30(20,32))),42(38(34,),47(45(43,),49)))
found
not found
not found
33(12(8(2(0,6),10(9,)),19(14(,18),30(20(,28),32))),42(38(34,),47(45(43,),49)))
19(12(8(2(0,6),10(9,)),14(,18)),33(30(20(,28),32),43(38(34,),47(45,49))))
19(12(8(2(0,6),10(9,)),14(,18)),33(30(20(,28),32),43(38(34,),47(45,49))))
found
19(12(8(2(0,6),10(9,)),14(,18)),33(30(27(20,28),32),43(38(34,),47(45,49))))
19(12(8(2(0,6),10),14(,18)),33(30(27(20,28),32),43(38(34,),47(45,49))))
found
found
19(12(8(2(0,6),10),14(,18)),33(27(20(,25),30(28,32)),43(38(34,),47(45,49))))
not found
19(12(8(2(0,6),10),14(,18)),33(27(20(,25),30(28,32)),43(38(34,),47(,49))))
19(12(8(2(0,6),10),14(,18)),33(27(20(,25),30(28,32)),43(38(34,),47(,49))))
not found
not found
19(12(8(2(0,6),10),17(14,18)),33(27(20(,25),30(28,32)),43(38(34,),47(,49))))
found
19(12(8(2(0,6),10),17(14,18)),33(27(20(,25),30(28,32)),43(38(34,42),47(,49))))
not found
19(12(8(2(0,6),10),17(14,18)),33(27(20(,25),30(28,32)),43(38(34(,37),42),47(,49))))
not found
not found
19(12(6(2(0,5),8(,10)),17(14,18)),33(27(20(,25),30(28,32)),43(38(34(,37),42),47(,49))))
19(12(6(2(0,5),8(,10)),17(14,18)),33(27(20(,25),30(28,32)),43(38(34(,37),42),48(47,49))))
not found
19(12(6(2(0,5),8(,10)),17(14,18)),33(27(20(,25),30(28,32)),43(38(34(,37),42),48(47,49))))
19(12(6(2(0,5),8(,10)),17(14,18)),33(27(20(,25),30(28,32(31,))),43(38(34(,37),42),48(47,49))))
19(12(6(2(0,5),8(,10)),17(14,18)),33(27(20(,25),30(28,32(31,))),43(38(34(,37),42),48(47,49))))
19(12(6(2(0,5),8(,10)),17(14,18)),33(27(20(,25),30(28,32(31,))),43(38(34(,37),42(41,)),48(47,49))))
not found
19(12(6(2(0,5),8(,10)),17(14,18)),33(27(20(,25),31(28,32)),43(38(34(,37),42(41,)),48(47,49))))
19(12(6(2(0,5),8(,10)),17(14,18)),33(27(20(,25),31(28,32)),43(38(34(,37),42(41,)),48(47,49))))
19(12(6(2(0,5),8(,10)),17(14,18)),33(28(20(,25),31(,32)),43(38(34(,37),42(41,)),48(47,49))))
not found
19(12(6(2(0,5),8(,10)),17(14,18)),33(28(20(,25),31(,32)),43(38(34(,37),42(41,)),48(47,49))))
19(12(6(2(0,5),8(,10)),17(14,18)),33(28(25,31(,32)),43(38(34(,37),42(41,)),48(47,49))))
found
found
found
19(12(6(2(0,5),8(,10)),17(14,18)),33(28(25,31(,32)),43(38(34(,37),42(41,)),48(47,49))))
not found
19(12(6(2(0,5),8(,10)),17(14,18)),33(28(25,31(,32)),43(38(34(,37),41(40,42)),48(47,49))))
found
19(12(6(2(0,5),8(,10)),17(14,18)),33(28(25,31(,32)),43(38(34(,37),41(40,42)),49(47,))))
19(12(6(2(0,5),10(8,11)),17(14,18)),33(28(25,31(,32)),43(38(34(,37),41(40,42)),49(47,))))
19(12(6(2(0,5),10(8,11)),17(14,18)),33(28(25(21,),31(,32)),43(38(34(,37),41(40,42)),49(47,))))
19(12(6(5(0,),10(8,11)),17(14,18)),33(28(25(21,),31(,32)),43(38(34(,37),41(40,42)),49(47,))))
found
19(12(6(5(0,),10(8,11)),17(14,18)),33(28(25(21,),31(,32)),43(38(35(34,37),41(40,42)),49(47,))))
found
found
19(12(6(5(0,),10(8,11)),17(14,18)),33(28(25(21,),31(,32)),43(38(37(34,),41(40,42)),49(47,))))
19(12(6(4(0,5),10(8,11)),17(14,18)),33(28(25(21,),31(,32)),43(38(37(34,),41(40,42)),49(47,))))
19(12(6(4(0,5),10(8,11)),17(14,18)),33(28(25(21,),31(,32)),43(38(37(34,),41(40,42)),49(47,))))
19(12(6(4(0,5),11(8,)),17(14,18)),33(28(25(21,),31(,32)),43(38(37(34,),41(40,42)),49(47,))))
found
19(12(6(4(0,5),11(8,)),17(14,18)),33(28(25(21,),31(,32)),38(37(34,),43(41(40,42),47))))
found
19(12(6(4(0,5),11),17(14,18)),33(28(25(21,),31(,32)),38(37(34,),43(41(40,42),47))))
19(12(6(4(0,5),11),17(14,18)),33(28(25(21,),31(,32)),38(37(34,),43(41(40,42),47))))
found
not found
19(12(6(4(0,5),11),17(14,18)),33(28(24(21,25),31(,32)),38(37(34,),43(41(40,42),47))))
found
19(12(6(4(0,5),11),17(14(13,),18)),33(28(24(21,25),31(,32)),38(37(34,),43(41(40,42),47))))
not found
19(12(6(4(0,5),11),17(14(13,15),18)),33(28(24(21,25),31(,32)),38(37(34,),43(41(40,42),47))))
19(12(6(4(0,5),11),17(14(13,15),18)),33(28(24(21,25),31(,32)),38(37(34,),43(42(40,),47))))
found
not found
19(12(6(4(0,5),11),17(14(13,15),18)),33(28(24(21,25),31(,32)),38(37(34,),43(42(40,),47))))
19(12(6(4(0,5),11),17(14(13,15),18)),33(28(24(21,25),31(,32)),38(37(34,),43(42(40,),47))))
19(12(6(4(0,5),11),17(14(,15),18)),33(28(24(21,25),31(,32)),38(37(34,),43(42(40,),47))))
19(12(6(4(0,5),11),17(14(,15),18)),33(28(24(21(,23),25),31(,32)),38(37(34,),43(42(40,),47))))
19(12(6(4(0,5),11(10,)),17(14(,15),18)),33(28(24(21(,23),25),31(,32)),38(37(34,),43(42(40,),47))))
19(12(6(4(0(,1),5),11(10,)),17(14(,15),18)),33(28(24(21(,23),25),31(,32)),38(37(34,),43(42(40,),47))))
not found
not found
found
19(12(6(4(0(,1),5),11(10,)),17(14(,15),18)),33(28(24(21(,23),25),31(,32)),38(37(34,),43(41(40,42),47))))
found
19(12(6(4(0(,1),5),11(10,)),17(14(,15),18)),33(28(24(21(,23),25),31(,32)),38(37(34,),43(41(40,42),47))))
found
found
found
not found
found
19(12(6(4(0(,1),5),11(10,)),17(14(,15),18)),33(28(24(21(,23),25(,27)),31(,32)),38(37(34,),43(41(40,42),47))))
found
19(12(6(4(0(,1),5),11(10,)),17(14(,15),18)),33(28(24(21(,23),25(,27)),31(,32)),38(36(34,37),43(41(40,42),47))))
found
found
found
not found
not found
19(12(6(4(0(,1),5),11(10,)),17(14(,15),18)),34(28(24(21(,23),25(,27)),31(,32)),38(36(,37),43(41(40,42),47))))
19(12(6(4(0(,1),5),11(10,)),17(14(,15),18)),34(28(24(21(,23),25(,27)),31(,32)),38(36(,37),43(41(40,42),47))))
found
found
not found
19(6(4(0(,1),5),12(11(10,),15(14,17))),34(28(24(21(,23),25(,27)),31(,32)),38(36(,37),43(41(40,42),47))))
19(6(4(0(,1),5),12(11(10,),15(14,17))),34(28(24(21(,23),25),31(,32)),38(36(,37),43(41(40,42),47))))
19(10(4(0(,1),5),12(11,15(14,17))),34(28(24(21(,23),25),31(,32)),38(36(,37),43(41(40,42),47))))
19(10(4(0(,1),5),12(11,15(14,17))),34(28(24(21(,23),25),31(29,32)),38(36(,37),43(41(40,42),47))))
19(10(4(0(,1),5),12(11,15(14,17))),34(28(24(22(21,23),25),31(29,32)),38(36(,37),43(41(40,42),47))))
19(10(4(0(,1),5),12(11,15(14,17))),34(28(24(22(21,23),25),31(29,32)),41(38(36,40),43(42,47))))
19(10(4(0(,1),5),15(12(11,14),17(16,))),34(28(24(22(21,23),25),31(29,32)),41(38(36,40),43(42,47))))
found
19(10(4(0(,1),5(,7)),15(12(11,14),17(16,))),34(28(24(22(21,23),25),31(29,32)),41(38(36,40),43(42,47))))
19(10(4(0(,1),5(,7)),15(12(11,14(13,)),17(16,))),34(28(24(22(21,23),25),31(29,32)),41(38(36,40),43(42,47))))
19(10(4(0(,1),5(,7)),15(12(11,14(13,)),17(16,))),34(28(24(22(21,23),25),31(29,32)),41(38(36,40),43(42,47))))
found
19(10(4(0(,1),5(,7)),15(12(11,14(13,)),17(16,))),34(28(24(22(21,23),25),31(29,32)),41(38(36,40),43(42,47))))
19(10(4(0(,1),5(,7)),15(12(11,14(13,)),17(16,))),34(28(24(22(21,23),25),31(29,32)),41(38(36,40),43(42,47))))
19(10(4(0(,1),5(,7)),15(12(11,14(13,)),17(16,))),34(28(24(22(,23),25),31(29,32)),41(38(36,40),43(42,47))))
19(10(4(0(,1),5(,7)),15(12(11,14(13,)),17(16,))),34(28(24(22(,23),25),31(29,32)),41(38(36,40),43(42,47))))
19(10(4(0(,1),5(,7)),14(12(11,13),15(,17))),34(28(24(22(,23),25),31(29,32)),41(38(36,40),43(42,47))))
19(10(4(0(,1),5(,7)),14(12(11,13),15(,17))),34(28(24(22(,23),25),31(29,32)),41(40(36,),43(42,47))))
found
not found
19(10(4(0(,1),5(,7)),14(12(11,13),15(,17))),34(28(24(22(,23),25),31(29,32)),41(40(36,),43(42,47))))
19(10(4(0(,1),5(,7)),14(12(11,13),15(,17))),34(28(24(22(,23),25),31(29,32)),41(40(36,),43(42,47))))
not found
19(10(4(0(,1),5(,7)),14(12(11,13),15(,17))),34(28(24(22(,23),25),31(29,32)),41(37(36,40),43(42,47))))
found
found
19(10(4(0(,1),5(,7)),14(12(11,13),15(,17))),34(28(24(22(,23),25),31(29,32)),41(37(36,40),43(42,47))))
19(10(4(0(,1),5(,7)),14(12(11,13),17(15,18))),34(28(24(22(,23),25),31(29,32)),41(37(36,40),43(42,47))))
19(10(4(0(,1),5(,7)),14(12(11,13),17(15,18))),34(28(24(22(,23),25),31(29,32)),41(37(36,40),43(42,47))))
not found
found
19(11(4(0(,1),5(,7)),14(12(,13),17(15,18))),34(28(24(22(,23),25),31(29,32)),41(37(36,40),43(42,47))))
19(12(4(0(,1),5(,7)),14(13,17(15,18))),34(28(24(22(,23),25),31(29,32)),41(37(36,40),43(42,47))))
found
19(12(4(1(0,2),5(,7)),14(13,17(15,18))),34(28(24(22(,23),25),31(29,32)),41(37(36,40),43(42,47))))
19(12(4(1(0,2),5(,7)),14(13,17(15,18))),34(28(24(22(,23),25),31(29,32)),41(37(36,40),43(42,47))))
19(12(4(1(0,2),5(,7)),14(13,17(15,18))),34(28(24(22(,23),25),31(29,32)),41(37(,40),43(42,47))))
found
19(12(4(1(0,2),5(,7)),14(13,17(15,18))),34(28(24(22(,23),25),31(29,32)),41(38(37,40),43(42,47))))
19(12(4(1(0,2),5(,7)),14(13,17(15,18))),34(28(24(22(,23),25),31(29,32)),41(38(37,40),43(42,47))))
19(12(4(1(0,2),5(,7)),14(13,17(15,18))),34(28(24(22(,23),25),31(29,32)),41(38(37,40(39,)),43(42,47))))
19(13(4(1(0,2),5(,7)),17(14(,15),18)),34(28(24(22(,23),25),31(29,32)),41(38(37,40(39,)),43(42,47))))
found
found
19(13(4(1(0,2),5(,7)),17(14(,15),18)),34(28(24(22(,23),25),31(29,32)),41(38(37,40(39,)),43(42,47(46,)))))
not found
found
found
19(13(4(1(0,2),5(,7)),17(14(,15),18)),34(28(24(22(,23),25),31(29,32)),41(38(37,40(39,)),46(42,47))))
found
found
19(13(4(1(0,2),7(5,8)),17(14(,15),18)),34(28(24(22(,23),25),31(29,32)),41(38(37,40(39,)),46(42,47))))
not found
19(13(4(1(0,2),7(5,8)),17(15(14,16),18)),34(28(24(22(,23),25),31(29,32)),41(38(37,40(39,)),46(42,47))))
not found
found
found
19(13(4(1(0,2),7(5,8)),17(15(14,16),18)),34(28(24(22(,23),25),31(29,32)),41(38(37,40(39,)),46(42,47))))
found
19(13(4(1(0,2),7(5,8)),17(15(14,16),18)),34(28(24(22(,23),25),31(29,32)),41(38(37,39),46(42,47))))
19(13(4(1(0,2),7(5,8)),17(15(14,16),18)),34(28(24(22(21,23),25),31(29,32)),41(38(37,39),46(42,47))))
found
not found
found
19(13(4(1(0,2),7(5,8)),17(15(14,16),18)),34(28(24(22(21,23),25),31(29,)),41(38(37,39),46(42,47))))
19(13(4(1(0,2),7(5,8)),17(15(14,16),18)),34(28(24(22(21,23),25),31(29,)),41(38(37,39),46(42,47))))
found
19(13(4(1(0,2),7(5,8)),17(15(14,16),18)),34(28(24(22(21,23),25),31(29,)),41(38(37,39),46(42,47))))
not found
19(13(4(1(0,2),7(5,8)),17(15(14,16),18)),34(28(24(22(21,23),25),31(29,)),41(38(37,39),46(42,47))))
19(13(4(1(0,2),7(5,8)),17(15(14,16),18)),34(28(24(22(21,23),25),31(29,)),41(38(37,39),46(42,47(,49)))))
found
19(13(4(1(0,2),7(5,)),17(15(14,16),18)),34(28(24(22(21,23),25),31(29,)),41(38(37,39),46(42,47(,49)))))
19(13(4(1(0,2),7(5,)),17(15(14,16),18)),34(28(22(21,24(23,)),31(29,)),41(38(37,39),46(42,47(,49)))))
19(13(4(1(0,2),7(5,)),17(15(14,16),18)),34(28(22(21,24(23,)),31(29,)),41(38(37,39),47(46,49))))
19(13(4(1(0,2),7(5,)),17(15(14,),18)),34(28(22(21,24(23,)),31(29,)),41(38(37,39),47(46,49))))
19(13(4(1(0,2),7(5,)),17(15(14,),18)),34(28(22(21,24(23,)),31(29,)),41(38(37,39),47(46,49))))
19(14(4(1(0,2),7(5,)),17(15,18)),34(28(22(21,24(23,)),31(29,)),41(38(37,39),47(46,49))))
not found
19(14(4(1(0,2),7(5,)),17(15,18)),34(28(22(21,24(23,)),31(29,)),41(38(37,39),47(46,49))))
19(14(4(1(0,2),7(5,)),17(15,18)),34(28(22(21,24(23,)),31(29,)),41(38(37,39),47(46,49))))
19(14(4(1(0,2),7(5,)),17(15,18)),34(28(22(21,24(23,)),31(29,)),41(38(37,39),47(46(44,),49))))
19(14(4(1(0,2),7(5,9)),17(15,18)),34(28(22(21,24(23,)),31(29,)),41(38(37,39),47(46(44,),49))))
19(14(4(1(0,2),7(5,9)),18(15,)),34(28(22(21,24(23,)),31(29,)),41(38(37,39),47(46(44,),49))))
found
19(14(4(1(0,2),7(5,9)),18(15,)),34(28(22(21,24(23,)),31(29,)),41(38(37,39),47(46(44,),49))))
19(14(4(1(0,2),7(5,9)),18(15,)),34(28(22(21,24(23,)),31(29,)),41(38(37,39),47(46(44,),49))))
found
found
19(14(4(1(0,2),7(5,9)),18(15,)),34(28(22(21,24(23,)),31(29,)),41(38(37,39),47(46(44,),49))))
not found
19(14(4(1(0,2),7(5,9)),18(15,)),34(28(22(21,24(23,26)),31(29,)),41(38(37,39),47(46(44,),49))))
not found
19(14(4(1(0,2),7(5,9)),18(15,)),34(28(22(21,26(23,)),31(29,)),41(38(37,39),47(46(44,),49))))
found
19(14(4(1(0,2),7(5,9)),18(15,)),34(28(22(21,26(23,)),31(29,)),41(38(37(35,),39),47(46(44,),49))))
19(14(4(1(0,2),7(5,9)),16(15,18)),34(28(22(21,26(23,)),31(29,)),41(38(37(35,),39),47(46(44,),49))))
found
19(14(5(1(0,2),7(,9)),16(15,18)),34(28(22(21,26(23,)),31(29,)),41(38(37(35,),39),47(46(44,),49))))
19(14(5(1(0,2),7(,9)),16(15,18)),34(28(22(21,26(23,)),31(29,)),41(38(37(35,),39),47(46,49))))
19(14(5(1(0,2),7(,9)),16(15,18)),34(28(22(21,26(23,)),31(29,)),41(38(37(35,),39),47(46,49))))
19(14(5(1(0,2),7(,9)),16(15,18)),34(28(22(21,26(23,)),31(29,)),41(38(37(35,),39),47(46,49))))
19(14(5(1(0,2),7(,9)),16(15,18)),34(28(22(21,26(23,)),31(29,)),41(38(37(35,),39),47(46,49))))
19(14(5(1(0,2),7(,9)),16(15,18)),34(28(22(21,26(23,)),31(29,)),41(38(37(35,),39),47(46,49))))
19(14(5(1(0,2),7(,9)),16(15,18)),34(28(22(21,26(23,)),31(29,)),46(38(37(35,),39),47(,49))))
found
19(14(5(1(0,2),7(,9)),16(15,18)),34(28(22(21,26(23,)),31(29,)),46(38(35,39),47(,49))))
found
19(14(5(1(0,2),7(,9)),16(15,18)),34(28(22(21,24(23,26)),31(29,)),46(38(35,39),47(,49))))
19(14(5(1(,2),7(,9)),16(15,18)),34(28(22(21,24(23,26)),31(29,)),46(38(35,39),47(,49))))
found
19(14(5(2,7(,9)),16(15,18)),34(28(22(21,24(23,26)),31(29,)),46(38(35,39),47(,49))))
19(14(5(2,7(,9)),16(15,18)),34(28(22(21,24(23,26)),31(29,)),46(38(35,39),47(,49))))
19(14(5(2,7(,9)),16(15,18)),34(28(22(21,24(23,26)),31(29,)),46(38(35,39),47(,49))))
19(14(5(2,7(,9)),16(15,18)),34(28(22(21,26(23,)),31(29,)),46(38(35,39),47(,49))))
19(14(5(2,7(,9)),16(15,18)),34(28(22(21,26(23,)),30(29,31)),46(38(35,39),47(,49))))
found
19(14(5(2,7(,9)),16(15,18)),34(28(23(22,26),30(29,31)),46(38(35,39),47(,49))))
not found
found
found
found
19(14(5(2,7(,9)),16(15,18)),34(28(23(22,26),30(29,31)),46(38(35,39),47(,49))))
not found
not found
19(14(5(2(0,),7(,9)),16(15,18)),34(28(23(22,26),30(29,31)),46(38(35,39),47(,49))))
found
found
19(14(5(2(0,),9(7,10)),16(15,18)),34(28(23(22,26),30(29,31)),46(38(35,39),47(,49))))
not found
19(14(5(2(0,),9(7,10)),16(15,18)),34(28(23(22,26),30(,31)),46(38(35,39),47(,49))))
19(14(5(2(0,),9(7,10)),16(15,18)),34(28(23(22,26),31(30,33)),46(38(35,39),47(,49))))
not found
19(14(5(2(0,),9(7,10)),16(15,18)),34(28(23(22,26),31(30,33)),46(38(35,39),49)))
not found
found
19(9(5(2(0,),7(,8)),14(10,16(15,18))),34(28(23(22,26),31(30,33)),46(38(35,39),49)))
19(9(5(2(0,),7(,8)),14(10,16(15,18))),34(28(23(22,26),31(30,33)),46(38(35,39),49)))
not found
found
19(9(5(2(0,),7(,8)),14(10,16(15,18))),34(28(23(22,26),31(30,33)),46(38(35,39),49)))
19(9(5(2(0,),7(,8)),14(10,16(15,18))),34(28(23(22,26),31(30,33)),46(38(35,39),49)))
19(9(5(2(0,),7(6,8)),14(10,16(15,18))),34(28(23(22,26),31(30,33)),46(38(35,39),49)))
19(9(5(2(0,),7(6,8)),14(10(,13),16(15,18))),34(28(23(22,26),31(30,33)),46(38(35,39),49)))
19(9(5(2(0,),7(,8)),14(10(,13),16(15,18))),34(28(23(22,26),31(30,33)),46(38(35,39),49)))
found
19(9(5(2(0,),7(,8)),14(10(,13),16(15,18))),34(28(23(22,26),31(,33)),46(38(35,39),49)))
19(9(5(0,7(,8)),14(10(,13),16(15,18))),34(28(23(22,26),31(,33)),46(38(35,39),49)))
19(9(5(0,7(,8)),14(10(,13),16(15,18))),34(28(23(22,26),31(,33)),38(35(,37),46(39,49))))
not found
19(9(5(0,7(,8)),14(10(,13),16(15,18))),34(28(23(22,26),31(29,33)),38(35(,37),46(39,49))))
found
19(9(5(0,7(,8)),14(10(,13),16(15,18))),34(28(23(22,),31(29,33)),38(35(,37),46(39,49))))
19(9(5(0,7(,8)),14(10(,13),16(15,18))),34(28(23(22,),31(29,33)),38(35(,37),46(39,49))))
19(9(5(0(,3),7(,8)),14(10(,13),16(15,18))),34(28(23(22,),31(29,33)),38(35(,37),46(39,49))))
19(9(5(0(,3),7(,8)),14(10(,13),16(,18))),34(28(23(22,),31(29,33)),38(35(,37),46(39,49))))
19(9(5(0(,3),7(,8)),14(10(,13),16(15,18))),34(28(23(22,),31(29,33)),38(35(,37),46(39,49))))
19(9(5(0(,3),7(,8)),14(10(,13),16(15,18))),34(28(23(22,),31(29,33)),38(35(,37),46(39,49))))
found
19(9(5(0(,3),7(,8)),14(10(,13),16(15,18))),34(28(23(22,),31(29,33)),38(35(,37),46(39(,44),49))))
found
not found
found
19(9(5(0(,3),7(,8)),14(10(,13),16(15,18))),34(28(23(22,),31(29,33)),38(35(,37),46(39(,44),49))))
19(9(5(1(0,3),7(,8)),14(10(,13),16(15,18))),34(28(23(22,),31(29,33)),38(35(,37),46(39(,44),49))))
19(9(5(1(0,3),7(,8)),14(10(,13),16(15,18))),34(28(23(22,),31(29,33)),38(35(,37),44(39,46))))
not found
19(9(5(1(0,3),7(,8)),14(10(,13),16(15,18))),34(28(23(22,),31(29,33)),38(35(,37),44(39,46))))
19(9(5(1(0,3),7(,8)),14(10(,13),16(15,18))),34(28(22(21,23),31(29,33)),38(35(,37),44(39,46))))
found
19(9(5(1(0,3),7(,8)),14(10(,13),16(15,18))),34(28(22(21,23),31(29,33)),38(35(,37),44(39,46))))
19(9(5(1(0,3),7(,8)),14(10(,13),16(15,18))),34(28(22(21,23(,25)),31(29,33)),38(35(,37),44(39,46))))
found
19(9(5(1(0,3),7(,8)),14(10(,13),16(15,18))),34(28(22(21,23(,25)),31(29,33)),38(35(,37),44(39,46))))
19(9(5(1(0,3),7(,8)),14(10(,13),16(15,18))),34(28(22(21,23),31(29,33)),38(35(,37),44(39,46))))
19(9(5(1(0,3),7(,8)),14(10(,13),16(15,18))),34(28(22(21,23),31(29,33)),38(35(,37),46(39,))))
19(9(5(1(0,3),7(,8)),14(10(,13),16(15,18))),34(28(22(21,23),31(29,33(32,))),38(35(,37),46(39,))))
19(9(5(1(0,3),8),14(10(,13),16(15,18))),34(28(22(21,23),31(29,33(32,))),38(35(,37),46(39,))))
19(9(5(1(0,),8),14(10(,13),16(15,18))),34(28(22(21,23),31(29,33(32,))),38(35(,37),46(39,))))
19(9(5(1(0,),8),14(10(,13),16(15,18))),34(28(22(21,23),31(29,33(32,))),38(36(35,37),46(39,))))
19(9(5(1(0,),8),14(10(,13),16(15,18))),34(28(22(21,23(,26)),31(29,33(32,))),38(36(35,37),46(39,))))
not found
not found
not found
not found
19(9(5(1(0,),8),14(10(,13),16(15,18))),34(28(22(21,23(,26)),31(29,33(32,))),38(37(35,),46(39,))))
found
found
19(9(5(1(0,3),8),14(10(,13),16(15,18))),34(28(22(21,23(,26)),31(29,33(32,))),38(37(35,),46(39,))))
19(9(5(1(0,3),8),14(10(,13),16(15,18))),34(28(22(21,24(23,26)),31(29,33(32,))),38(37(35,),46(39,))))
found
found
found
19(9(5(1(0,3),8),14(10(,13),16(15,18))),34(28(22(21,24(23,26)),31(29,33(32,))),38(37(35,),45(39,46))))
not found
19(9(5(1(0,3),8),14(10(,13),16(15,18))),34(28(22(21,24(23,26)),31(29,33(32,))),38(37(35,),45(39,46))))
not found
19(9(5(1(0,3),8(6,)),14(10(,13),16(15,18))),34(28(22(21,24(23,26)),31(29,33(32,))),38(37(35,),45(39,46))))
19(9(5(1(0,3(2,)),8(6,)),14(10(,13),16(15,18))),34(28(22(21,24(23,26)),31(29,33(32,))),38(37(35,),45(39,46))))
19(9(5(1(0,3(2,)),8(6,)),14(10(,13),16(15,18))),34(28(22(21,24(23,26)),31(29,33(32,))),38(37(35,),45(,46))))
not found
19(9(5(1(0,3(2,)),8(6,)),14(10(,13),16(15,18))),34(28(22(21,24(23,26)),31(29,33(32,))),38(35,45(,46))))
19(9(5(2(0,3),8(6,)),14(10(,13),16(15,18))),34(28(22(21,24(23,26)),31(29,33(32,))),38(35,45(,46))))
not found
not found
found
not found
found
19(9(5(2(0,3),8(6,)),14(10(,13),16(15,18))),34(28(22(21,24(,26)),31(29,33(32,))),38(35,45(,46))))
19(9(5(2(0,3),8(6,)),14(10(,13),16(15,18))),28(22(21,24(,26)),34(31(29,33(32,)),38(35,45))))
not found
found
19(9(5(2(0,3),8(6,)),14(10(,13),16(15,18))),28(22(21,24(,26)),34(31(29,33(32,)),38(35,45))))
not found
19(9(5(2(0,3),8(6,)),14(10(,13),16(15,18))),31(28(24(21,26),29),34(33(32,),38(35,45))))
19(9(5(2(0,3),8(6,)),14(10(,13),16(15,18))),31(28(24(21,26),29),34(33(32,),38(35,45))))
19(9(5(2(0,3),8(6,)),14(10(,13),16(15,18))),31(28(24(21,26),29),34(33(32,),38(35,45))))
not found
19(9(5(2(0,3),8(6,)),14(10(,13),16(15,18))),31(28(24(21,26),29),34(33(32,),38(35,45))))
19(9(5(2(0,3),8(6,)),14(10(,13),16(15,18))),31(28(24(21,26),29),34(33(32,),38(35,45(42,)))))
found
not found
not found
19(9(5(2(0,3),8(6,)),14(10(,13),16(15,18))),31(28(24(21,26),29),34(33(32,),38(35,45(42,)))))
not found
found
19(9(5(2(0,3),8(6,)),14(10(,13),16(15,18))),31(28(24(21,26),29),34(33(32,),38(35,45(42,)))))
19(9(5(2(0,),8(6,)),14(10(,13),16(15,18))),31(28(24(21,26),29),34(33(32,),38(35,45(42,)))))
found
not found
found
19(9(5(2(0,),8(6,)),14(10(,13),16(15,18))),31(28(24(21,26),29),34(33(32,),38(35,45(42,)))))
not found
19(9(5(2(0,),8(6,)),14(10(,13),16(15,18))),31(28(24(21,26),29),34(33(32,),38(35,45(42,)))))
19(9(5(2(0,),8(6,)),14(10(,13),16(15,18))),31(28(24(21,26),29),34(33(32,),38(35,45(42,)))))
19(9(5(2(0,),8(6,)),14(10,16(15,18))),31(28(24(21,26),29),34(33(32,),38(35,45(42,)))))
19(9(5(2(0,),8(6,)),16(14(,15),18)),31(28(24(21,26),29),34(33(32,),38(35,45(42,)))))
19(9(5(2(0,),8(6,)),16(14(,15),18)),31(28(24(21,26),29),34(33(32,),38(35,45(42,)))))
19(9(5(2(0,),8(6,)),16(14(,15),18)),31(28(24(21,26),29),34(33(32,),38(35,45(42,)))))
found
19(9(5(2(0,),8(6,)),16(14(,15),18)),31(28(24(21,26),29),34(33(32,),38(35,45(42,)))))
found
found
19(9(5(2(0,),8(6,)),16(14(,15),18)),31(28(24(21,26),29),34(33(32,),38(35,45(42,)))))
not found
19(9(5(2(0,),8(6,)),16(14(,15),18)),31(28(24(21,26),29),34(33(32,),38(35,45(42,48)))))
not found
not found
not found
19(9(5(2(0,),8(6,)),16(14(,15),18)),31(28(26(21,),29),34(33(32,),38(35,45(42,48)))))
found
19(9(5(2(0,),8(6,)),16(14(,15),18)),31(28(26(21,),29),34(33(32,),38(35,45(42,48)))))
found
19(9(5(2(0,),8(6,)),16(14(,15),18)),31(28(26(21,),29),34(33(32,),45(38(35,42),48(46,)))))
19(9(5(2(0,),8(6,)),16(14(,15),18)),31(28(26(21,),29),34(33(32,),45(38(35,42),48(46,)))))
19(9(5(0,8(6,)),16(14(,15),18)),31(28(26(21,),29),34(33(32,),45(38(35,42),48(46,)))))
found
19(9(5(0,8(6,)),16(14(,15),18)),34(31(28(26,29),33(32,)),45(38(35,42),48(46,))))
not found
found
not found
19(9(5(0,8(6,)),16(14(,15),18)),34(31(28(26,29),33(32,)),45(38(35,42),48(46,))))
19(9(5(0,8(6,)),16(14(,15),18)),34(31(28(26,29),33(32,)),45(38(35(,37),42),48(46,))))
19(9(5(0,8(6,)),16(14(,15),18)),34(31(28(26,29),33(32,)),45(38(35(,37),42),48(46,))))
found
found
19(9(5(0,8(6,)),16(14(,15),18)),34(31(28(26,29),33(32,)),45(38(35(,37),42),48(46,))))
not found
19(9(5(0,8(6,)),16(14(,15),18)),34(31(28(26,29),33(32,)),45(38(35(,37),42),48(46,))))
19(9(5(0,8(6,)),16(14(,15),18)),34(31(28(26,29),33(32,)),45(38(35(,37),42),48(46,))))
19(9(5(0,8(6,)),16(14(,15),18)),34(31(28(26,29),33(32,)),45(38(35,42),48(46,))))
19(9(5(0,8(6,)),16(14,18)),34(31(28(26,29),33(32,)),45(38(35,42),48(46,))))
19(9(5(0,8(6,)),16(14,18)),34(31(29(26,),33(32,)),45(38(35,42),48(46,))))
19(9(5(0(,4),8(6,)),16(14,18)),34(31(29(26,),33(32,)),45(38(35,42),48(46,))))
19(9(5(0(,4),8(6,)),16(14,18)),34(31(29(26,),33(32,)),45(38(35,42),48(46,))))
not found
19(9(5(0(,4),8(6,)),16(14(10,),18)),34(31(29(26,),33(32,)),45(38(35,42),48(46,))))
found
found
not found
19(9(5(0(,4),8(6,)),16(14(10,),18)),34(31(29(26,),33(32,)),46(38(35,42),48)))
19(9(5(0(,4),8(6,)),16(14(10,),18)),35(31(29(26,),33(32,)),46(38(,42),48)))
19(9(5(0(,4),8(6,)),16(14(10,),18(17,))),35(31(29(26,),33(32,)),46(38(,42),48)))
found
not found
19(9(5(0(,4),8(6,)),16(14(10,),18(17,))),35(31(29(26,),33(32,)),46(38(,42),48)))
19(9(5(0(,4),8(6,)),16(14(10,),18(17,))),35(31(26(21,29),33(32,)),46(38(,42),48)))
19(9(5(0(,4),8(6,)),16(14(10,),18(17,))),35(31(26(21,29),33(32,)),46(42(38,44),48)))
19(9(5(0(,4),8(6,)),16(14(10,),18(17,))),35(31(26(21,29),33(32,)),46(42(38,44),48)))
found
19(9(5(0(,4),8(6,)),16(14(10,),17)),35(31(26(21,29),33(32,)),46(42(38,44),48)))
not found
19(9(5(0(,4),8(6,)),16(14(10,),17)),35(31(26(21(,23),29),33(32,)),46(42(38,44),48)))
19(9(5(0(,4),8(6,)),16(14(10,),17)),35(31(26(23(21,24),29),33(32,)),46(42(38,44),48)))
19(9(5(0(,4),8(6,)),16(14(10,),17)),35(31(26(23(21,24),29),33(32,)),46(42(38,44),48)))
not found
found
19(9(5(3(0,4),8(6,)),16(14(10,),17)),35(31(26(23(21,24),29),33(32,)),46(42(38,44),48)))
19(9(5(3(0,4),8(6,)),16(14(10,),17)),35(31(26(23(21,24),29),33(32,)),46(42(38,44),48)))
19(9(5(3(0,4),8(6,)),16(14(10,),17)),35(31(26(23(21,24),29),33(32,)),46(42(38,44),48)))
found
19(9(5(3(0,4),8(6,)),16(14(10,),17)),35(31(26(23(21,24),29),33(32,)),42(38(37,),46(44,48))))
19(9(5(3(0,4),8(6,)),16(14(10,),17)),35(31(23(21(20,),26(24,29)),33(32,)),42(38(37,),46(44,48))))
19(9(5(3(0,4),8(6,)),16(14(10,),17)),35(31(23(21(20,),29(24,)),33(32,)),42(38(37,),46(44,48))))
19(9(5(3(0,4),8(6,)),16(14(10,),17)),35(31(23(21(20,),29(24,)),33(32,)),42(38(37,),46(44,48))))
19(9(5(3(0,4),8(6,)),16(13(10,14),17)),35(31(23(21(20,),29(24,)),33(32,)),42(38(37,),46(44,48))))
19(9(5(3(0,4),8(6,)),16(13(10,14),17)),35(31(23(21(20,),28(24,29)),33(32,)),42(38(37,),46(44,48))))
19(9(5(3(0,4),8(6,)),16(13(10,),17)),35(31(23(21(20,),28(24,29)),33(32,)),42(38(37,),46(44,48))))
found
not found
19(9(5(3(0,4),8(6,)),16(13(10,),17)),35(31(23(21(20,),28(24,29)),33(32,)),42(37(36,38),46(44,48))))
not found
19(9(5(3(0(,2),4),8(6,)),16(13(10,),17)),35(31(23(21(20,),28(24,29)),33(32,)),42(37(36,38),46(44,48))))
19(9(5(3(0(,2),4),8(6,)),16(13(10,),17)),35(31(23(21(20,),28(24,29)),33(32,)),42(37(36,38),46(44,48))))
19(9(5(3(0(,2),4),8(6,)),16(13(10,),17)),35(31(23(21(20,),28(24,29)),33(32,)),42(37(36,38),46(44,48))))
19(9(5(3(0(,2),4),8(6,)),16(13(10,),17)),35(31(23(21(20,),28(24,29)),33(32,)),42(37(36,38),46(44,48))))
19(9(5(3(0(,2),4),8(6,)),16(13(10,),17)),35(31(23(21(20,),28(24,29)),33(32,)),42(37(36,38),46(44,48))))
19(9(5(3(0(,2),4),8(6,)),16(13(10,),17)),35(31(23(21(20,),28(24,29)),33(32,)),42(37(,38),46(44,48))))
found
found
not found
found
not found
19(9(5(3(0(,2),4),8(6,)),16(13(10,),17)),35(31(23(21(20,),28(24,29)),33(32,)),42(37(,38),46(44,48))))
19(9(5(3(0(,2),4),8(6,)),16(13(10,),17)),35(31(23(21(20,),28(24,29)),33(32,)),42(37(,38),46(44,48(47,)))))
19(9(5(2(0,4),8(6,)),16(13(10,),17)),35(31(23(21(20,),28(24,29)),33(32,)),42(37(,38),46(44,48(47,)))))
19(9(5(2(0,4),8(6,)),16(13(10,),17)),35(23(21(20,),31(28(24,29),33)),42(37(,38),46(44,48(47,)))))
19(9(5(2(0,4),8(6,)),16(13(10,15),17)),35(23(21(20,),31(28(24,29),33)),42(37(,38),46(44,48(47,)))))
found
not found
19(9(5(2(0,4),8(6,)),16(13(10,15),17)),35(23(21(20,),31(28(24,29),33)),42(37(,38),46(44,48(47,)))))
not found
19(9(5(2(0,4),8(6,)),16(13(10,15),17)),35(23(21(20,),31(28(24,29),33(,34))),42(37(,38),46(44,48(47,)))))
found
19(9(5(2(0,4),8(6,)),16(13(10,15),17)),35(23(21(20,),31(28(24,29),33(,34))),42(37(,38),46(44,48(47,)))))
found
not found
19(9(5(2(0,4),8(6,)),16(13(10,15),17)),35(23(21(20,),31(28(24,29),33(,34))),42(37(,38),46(44,48(47,)))))
found
not found
19(9(5(2(0,4),8(6,)),13(10,16(15,))),35(23(21(20,),31(28(24,29),33(,34))),42(37(,38),46(44,48(47,)))))
19(9(5(2(0,4),8(6,)),13(10,16(15,))),35(23(21(20,),31(28(24,29),33(,34))),42(37(,38),46(44,48(47,)))))
19(9(5(2(0,4),8(6,)),13(10(,12),16(15,))),35(23(21(20,),31(28(24,29),33(,34))),42(37(,38),46(44,48(47,)))))
not found
19(9(5(2(0,4),8(6,)),13(10(,12),16(15,))),35(23(21(20,),31(28(24,29),33(,34))),42(37(,38),46(44,48(47,)))))
19(9(5(2(0,4),8(6,)),13(10(,12),16(15,))),35(23(21(20,),31(28(24,29),33(,34))),42(37(,38),46(44,48(47,)))))
19(9(5(2(0,4(3,)),8(6,)),13(10(,12),16(15,))),35(23(21(20,),31(28(24,29),33(,34))),42(37(,38),46(44,48(47,)))))
19(9(5(2(0,4(3,)),8(6,)),13(10(,12),16)),35(23(21(20,),31(28(24,29),33(,34))),42(37(,38),46(44,48(47,)))))
not found
19(9(5(2(0,4(3,)),8(6,)),13(10(,12),16)),35(23(21(20,),31(28(24,29),33(,34))),42(38(37,40),46(44,48(47,)))))
19(5(2(0,4(3,)),9(8(6,),13(10,16))),35(23(21(20,),31(28(24,29),33(,34))),42(38(37,40),46(44,48(47,)))))
not found
19(5(2(0,4(3,)),9(8(6,),13(10,16))),35(23(21(20,),31(28(,29),33(,34))),42(38(37,40),46(44,48(47,)))))
found
19(5(2(0,4(3,)),9(8(6,),13(10,16))),35(23(21(20,),31(28(,29),33(,34))),42(38(37,40),46(44,48(47,)))))
found
found
19(5(2(0,4(3,)),9(8(6,),13(10,16(,17)))),35(23(21(20,),31(28(,29),33(,34))),42(38(37,40),46(44,48(47,)))))
found
19(5(2(0,4(3,)),9(8(6,),13(10(,11),16(,17)))),35(23(21(20,),31(28(,29),33(,34))),42(38(37,40),46(44,48(47,)))))
19(5(2(0,4(3,)),9(8(6,),13(10(,11),16(,17)))),35(23(21(20,),31(28(,29),33(,34))),42(38(37,40),46(44,48(47,)))))
found
19(5(2(0,4(3,)),9(8(6,),13(10(,11),16(,17)))),35(23(21(20,),31(29,33(,34))),42(38(37,40),46(44,48(47,)))))
not found
20(5(2(0,4(3,)),9(8(6,),13(10(,11),16(,17)))),35(31(23(21,29),33(,34)),42(38(37,40),46(44,48(47,)))))
20(5(2(0,4(3,)),9(8(6,),13(10(,11),16(,17)))),35(31(23(21,29),33(,34)),42(38(37,40),46(44,48(47,)))))
20(5(2(0,4(3,)),9(8(6,),13(10(,11),16(,17)))),35(31(23(21,29(26,)),33(,34)),42(38(37,40),46(44,48(47,)))))
not found
found
20(5(2(0,4(3,)),9(8(6,),13(10(,11),16(,17)))),35(31(23(21,29(26,)),33(,34)),42(38(37,40),46(44,48(47,)))))
20(5(2(0,4(3,)),9(8(6,),13(10(,11),16(,17)))),35(31(23(21,29(26,)),33(32,34)),42(38(37,40),46(44,48(47,)))))
20(5(2(0,4(3,)),9(8(6,),13(10(,11),16(,17)))),35(31(23(21,29(26,)),33(,34)),42(38(37,40),46(44,48(47,)))))
not found
20(5(2(0,4(3,)),9(8(6,),13(10(,11),16(,17)))),35(31(23(21,29(26,)),33(,34)),42(38(37,40),46(44,48(47,)))))
20(5(2(0,4(3,)),9(8(6,),13(10(,11),17))),35(31(23(21,29(26,)),33(,34)),42(38(37,40),46(44,48(47,)))))
20(5(2(0,4(3,)),9(8(6,),13(10(,11),17))),35(31(23(21,29(26,)),33(,34)),42(38(,40),46(44,48(47,)))))
20(5(2(0,4(3,)),9(8(6,),13(10(,11),17))),35(31(23(21,27(26,29)),33(,34)),42(38(,40),46(44,48(47,)))))
20(9(5(2(0,3),8(6,)),13(10(,11),17)),35(31(23(21,27(26,29)),33(,34)),42(38(,40),46(44,48(47,)))))
not found
20(9(5(2(0,3),6),13(10(,11),17)),35(31(23(21,27(26,29)),33(,34)),42(38(,40),46(44,48(47,)))))
20(9(5(2(0,3),6),13(10(,11),17)),35(31(26(21,27(,29)),33(,34)),42(38(,40),46(44,48(47,)))))
20(9(5(2(0,3),6),13(10(,11),17)),35(31(26(21,27(,29)),33(,34)),42(38(,40),46(44,48(47,)))))
not found
not found
20(9(5(2(0,3),6),13(10(,11),17)),35(31(26(21,27(,29)),33(,34)),42(38(,40),46(44,48(47,)))))
not found
20(9(5(2(0,3),6),13(10(,11),17)),35(31(26(21,27(,29)),33(,34)),46(42(40,44),48(47,))))
not found
20(9(5(2(0,3),6),13(10(,11),17)),35(31(26(21,27(,29)),33(,34)),46(42(40,44),48(47,))))
20(9(5(2(0,3),6),13(10(,11),17)),35(31(26(21,27(,29)),33(,34)),46(42(40,44),48(47,))))
20(9(3(2(0,),5(4,6)),13(10(,11),17)),35(31(26(21,27(,29)),33(,34)),46(42(40,44),48(47,))))
found
20(9(3(2(0,),5(4,6)),13(10(,11),17)),35(31(26(21,27(,29)),33(,34)),46(42(40,44(43,)),48(47,))))
20(9(3(2(0,),5(4,6)),13(10(,11),17)),35(31(26(21(,22),27(,29)),33(,34)),46(42(40,44(43,)),48(47,))))
20(9(3(2(0,),5(4,6)),13(10(,11),17)),35(31(26(21(,22),29(27,30)),33(,34)),46(42(40,44(43,)),48(47,))))
20(9(3(2(0,),5(4,6(,7))),13(10(,11),17)),35(31(26(21(,22),29(27,30)),33(,34)),46(42(40,44(43,)),48(47,))))
20(9(3(2(0,),5(4,6(,7))),13(10(,11),17)),35(31(26(21,29(27,30)),33(,34)),46(42(40,44(43,)),48(47,))))
20(9(3(2(0,),5(4,6(,7))),13(10(,11),17)),35(29(26(21,27),31(30,34)),46(42(40,44(43,)),48(47,))))
not found
found
found
not found
0 2 3 4 5 6 7 9 10 11 13 17 20 21 26 27 29 30 31 34 35 40 42 43 44 46 47 48 
